%YAML:1.0
---
matrix: !!opencv-matrix
   rows: 3
   cols: 4
   dt: d
   data: [ 9.9152537108302430e-01, -1.4441888177991724e-02,
       1.2910797947658134e-01, -2.4645538457268216e+01,
       2.2522996584688815e-02, 9.9786200060296537e-01,
       -6.1352606933151921e-02, 5.7172597320120140e+01,
       -1.2794589920555113e-01, 6.3740564937111499e-02,
       9.8973076503561352e-01, 1.4542681071339703e+02 ]
