%YAML:1.0
---
matrix: !!opencv-matrix
   rows: 3
   cols: 3
   dt: d
   data: [ 5.4780446786614039e+02, 0., 3.1116588800680978e+02, 0.,
       5.4722720759139872e+02, 2.3045042441235711e+02, 0., 0., 1. ]
distortion: !!opencv-matrix
   rows: 1
   cols: 5
   dt: d
   data: [ -5.6510565104470736e-02, -6.0477704058385573e-01,
       2.9413641546168824e-04, 5.3535601802062599e-03,
       2.3951835829250454e+00 ]
