%YAML:1.0
---
matrix: !!opencv-matrix
   rows: 4
   cols: 4
   dt: f
   data: [ 9.99908745e-01, -1.02267349e-02, 8.82509165e-03, 0.,
       1.24638658e-02, 9.50365722e-01, -3.10885191e-01, 0.,
       -5.20772440e-03, 3.10966820e-01, 9.50406492e-01, 0.,
       2.00318356e+01, -1.43085587e+02, -1.94856400e+02, 1. ]
