%YAML:1.0
---
leftLow: [ 2.9266998291015625e+01, 0., 7.5305007934570312e+01, 0. ]
leftHigh: [ 1.0640100097656250e+02, 255., 255., 0. ]
rightLow: [ 9.5058998107910156e+01, 0., 9.1464004516601562e+01, 0. ]
rightHigh: [ 2.2981900024414062e+02, 1.6967700195312500e+02, 255., 0. ]
